100 63 44 0.26850276966924863
201 184 155 0.17591996690187786
142 108 85 0.23233761233824443
211 172 66 0.11163720780564047
227 226 217 0.21160244328498862
157 112 52 0.23392940323999792
194 175 164 0.2795921536152373
62 38 13 0.10140376907107408
171 141 114 0.20508916607721017
114 78 29 0.17998550799648053
210 164 74 0.14903616675005318
224 208 180 0.18249716773343916
217 188 132 0.11317852193065692
211 139 26 0.15572002829391163
231 224 212 0.3995681152919391
125 85 69 0.22930218125818833
59 32 22 0.18105563472544647
168 149 139 0.07058634242765532
145 117 104 0.15188647803801686
105 60 45 0.367169363550693
127 109 100 0.19169041763394395
76 44 30 0.306710701726159
101 70 57 0.2646413220861011
28 17 9 0.19169041763394395
165 156 147 0.04526714091985198
140 93 56 0.17148439521763884
192 166 131 0.2968919828166244
195 144 59 0.23211790280006211
66 35 28 0.09318156985203205
213 208 193 0.20632414931364262
119 29 21 0.24479537775530374
227 107 106 0.21851368745259384
213 80 63 0.2450108603213276
52 13 7 0.11697830234215184
157 46 37 0.17470177212862298
153 121 67 0.19520930018575067
179 154 112 0.24671054523287844
39 34 13 0.18190914893984092
198 190 175 0.21979969980849853
159 58 27 0.1563713058330314
93 15 11 0.15080884932341895
186 41 26 0.31419612511429706
142 26 18 0.24485447613132516
215 66 38 0.24151757730506243
25 7 2 0.048622972125896405
40 18 7 0.09095744986744417
187 132 53 0.2982132279787681
192 163 115 0.258429227840749
206 195 176 0.19581169596696743
130 63 25 0.15658839834607136
223 104 92 0.20933325282220266
197 44 41 0.3538708601464152
209 69 63 0.2941560420728166
153 26 25 0.10369689859623094
252 162 152 0.03894294636233459
168 145 110 0.17834078061291975
194 193 201 0.21415098137317484
131 88 76 0.0668472416311555
190 178 145 0.39201013290087355
166 160 166 0.14865086348187637
132 31 19 0.1121045609555521
223 93 49 0.43731489628441134
241 136 100 0.06854947696519044
49 17 9 0.048111151366676444
202 61 29 0.3339199144281697
149 79 28 0.1877850237795375
200 198 193 0.24587092915595582
179 136 65 0.24757603988751445
59 25 15 0.08068509221399858
186 166 129 0.23808291496299364
190 169 155 0.011635296079683017
117 61 37 0.424374169728965
92 45 27 0.20574763211013922
150 108 85 0.06163989671572095
132 77 52 0.2966030053654918
143 95 57 0.16415213153218433
213 197 186 0.21258532742151603
192 162 142 0.30199437572244364
83 45 29 0.10310456670634716
179 135 85 0.21816359861750886
223 190 154 0.2557505114119567
182 116 51 0.2050991794423886
53 21 8 0.15213931091548485
206 153 100 0.21691624336313697
128 62 22 0.1700947548670329
216 192 155 0.7673212068083863
187 142 57 0.04701439111695522
59 27 3 0.019115348089707065
205 172 105 0.12078603258090438
145 77 25 0.04576302140404705
148 87 17 0.32913956374836234
192 162 103 0.08597036109131864
152 111 63 0.23174288045601857
79 44 16 0.041708805479578
173 132 32 0.31143838922472245
198 57 82 0.2501364722918151
212 194 167 0.21449565587146896
143 38 43 0.0737941595605305
184 143 114 0.12772800928586203
216 75 105 0.3338457029903234
164 120 95 0.16090437002915653
25 10 5 0.3374782188637579
123 78 57 0.22769554140859974
221 220 220 0.02319439412498778
77 40 29 0.25072747557349806
153 100 48 0.1805844461810743
71 35 20 0.1843065483715264
120 59 25 0.2863059392741398
178 146 99 0.09685654032684396
23 12 5 0.2519465258464155
166 155 123 0.413653250061821
115 73 32 0.1574898354697537
140 124 86 0.24683131192887417
54 28 10 0.09955632616209191
202 193 167 0.08246927637745918
194 146 72 0.20699393673752647
220 208 185 0.19346044269121193
100 58 46 0.17681569143107603
216 185 123 0.23653590474103295
236 235 227 0.1861940243991526
134 118 87 0.08682798170409359
239 235 222 0.22206484014066702
213 205 178 0.4037310088031811
58 43 28 0.04573258326246351
185 175 139 0.24164358608959477
211 172 66 0.11052675431539752
99 62 44 0.2595573700783782
227 225 215 0.2199114510308686
141 106 83 0.2371414370101363
200 182 153 0.1728629875652194

