194 175 164 0.27573193243965977
116 80 30 0.1850893386010616
64 39 13 0.10705680060268333
171 142 115 0.2035695184859307
159 114 53 0.2285524098706646
211 139 26 0.15525277619630914
224 208 180 0.18252160861239067
210 164 74 0.1495034188476557
231 224 212 0.3993093295148054
217 188 132 0.11341286682883908
52 28 19 0.1294059001999678
118 74 59 0.2957498218677454
161 140 130 0.11999074861516537
96 53 39 0.2783086629737743
138 105 90 0.17654486634334704
127 110 100 0.1916228997632565
76 44 30 0.30738300733215346
28 17 9 0.19170765623922587
102 70 58 0.2655880088261659
166 157 148 0.04369842783919829
214 209 195 0.19609060952676707
67 36 28 0.09531799021214683
196 146 62 0.23759409738396334
142 94 55 0.17568391330101388
192 168 134 0.2953133895761089
157 46 37 0.17469602592686234
227 107 106 0.21848495644379065
52 13 7 0.11697830234215184
213 80 63 0.24502235272484887
119 29 21 0.2448183625623463
198 190 175 0.21996359746734986
39 34 13 0.18189620965098424
179 154 112 0.24710159929610268
158 58 27 0.15628648160608205
153 121 67 0.19475211197948117
186 41 26 0.31499117252960224
93 15 11 0.15034447262334016
142 26 18 0.24452524311486062
25 7 2 0.04861003283703972
215 66 38 0.24152907889515726
206 194 176 0.19611073730943304
40 18 7 0.09068141170516823
187 132 53 0.2980277648384889
192 163 115 0.25864200725750336
130 63 25 0.15653807888940646
198 45 42 0.370574044361633
155 27 25 0.11064242131474676
224 105 93 0.19834635888411573
209 72 64 0.28340205533414997
252 164 154 0.03703512010535456
194 193 201 0.21415960756574595
168 145 110 0.17812943889492722
131 88 75 0.06635267325707779
190 178 145 0.39278217713598906
166 160 166 0.14857610314625996
203 62 29 0.3451727826371996
133 31 19 0.11277596627733784
223 94 50 0.43031042791665947
49 17 9 0.04835124705990603
242 138 102 0.06338957610889706
186 166 129 0.2385760456383095
149 79 28 0.1873997205113607
200 198 193 0.24694345243229876
60 25 15 0.08079435731989948
179 136 65 0.24628642409813156
131 76 51 0.305118495131952
149 107 84 0.06476545382399117
116 60 37 0.4233347135241447
189 167 153 0.012234816463376062
91 45 27 0.19454652105653605
213 197 185 0.21800113865741938
141 93 56 0.15776731133079147
178 133 83 0.22028276659248142
192 161 141 0.3040502849518946
82 45 29 0.09989849846741312
223 190 154 0.2565966396212104
128 62 22 0.1699008205576114
182 116 51 0.20484203691360012
206 153 100 0.21674385731031787
53 21 8 0.1519166455972602
219 197 161 0.5000715903280006
200 164 89 0.12730659653736576
61 28 4 0.01969610636277303
151 87 28 0.0571246986631602
209 182 142 0.2958010081087004
152 111 63 0.23174288045601857
148 87 17 0.32913956374836234
192 162 103 0.08597036109131864
79 44 16 0.041708805479578
173 132 32 0.31143838922472245
212 194 167 0.21437211253361527
216 74 104 0.34361711908428527
197 57 82 0.2421233939366079
184 143 114 0.12783000436711334
142 37 43 0.07205737007837819
25 10 5 0.33767087049784633
123 78 57 0.22745832111289385
221 220 220 0.023192956426225927
77 40 29 0.25086118155835047
164 120 95 0.16081667040468345
180 150 104 0.08127427770243868
80 38 20 0.20720085273634128
157 107 54 0.16425517732778633
25 13 6 0.27312989863700093
125 64 27 0.27413979359643276
115 73 32 0.1574898354697537
166 155 123 0.413653250061821
54 28 10 0.09955632616209191
140 124 86 0.24683131192887417
202 193 167 0.08246927637745918
221 207 182 0.18955000365256774
100 58 46 0.17657169990503324
193 146 71 0.2038337351157864
235 234 226 0.1968083862955658
216 185 122 0.23323617503104682
187 177 142 0.25510980991564575
60 45 30 0.04822499827613947
214 206 180 0.3927284689820029
138 123 91 0.09252246764888408
240 235 223 0.2114142551773278
227 225 215 0.2199114510308686
141 106 83 0.2371414370101363
211 172 66 0.11052675431539752
200 182 153 0.1728629875652194
99 62 44 0.2595573700783782
